1232239551 0
1232241315 -12
1232241414 -12
1232241555 -12
1232480232 -12
1232567603 -12
1232575896 -12
1233628853 -12
1233629134 -12
1233960168 -12
1233960550 -12
1234115429 51
1234220305 87
1234223624 87
1235783375 87
1236211690 87
1236371953 87
1236372199 87
1236372821 87
1236372888 87
1236373521 87
1236373686 87
1236374076 87
1236374642 87
1236379440 87
1236385518 87
1236632412 87
1236634958 382
1236636182 382
1236641082 382
1236642348 382
1236642905 382
1236715117 1240
1236716095 87
1236717218 87
1236718097 87
1236722362 87
1236723041 330
1236725051 330
1236804108 87
1236809618 134
1236873165 134
1236878640 134
1236881312 1240
1236909976 1299
1236960343 134
1236961034 134
1236961057 134
1236985446 134
1237226233 306
1237226799 306
1237226947 306
1237227203 306
1237227269 306
1237227569 306
1237230876 306
1237244030 305
1237310484 313
1237310658 134
1237311071 313
1237326169 134
1237336529 382
1237402562 382
1237490007 2306
1237499249 321
1237502229 321
1237503310 321
1237586300 330
1237587336 330
1237589648 330
1238538661 371
1238609261 379
1238628466 379
1238693120 379
1238700195 379
1238704372 1021
1238706875 1025
1238722355 1025
1238789771 1201
1238790482 1201
1238793575 1201
1238800759 1201
1238803015 1205
1239035964 1205
1239058910 1205
1239127650 1205
1239127971 1240
1239141225 1305
1239221539 1305
1239229950 2305
1239230786 2305
1239231946 2305
1239293379 2306
1239293528 2306
1239297281 2306
1239306897 2379
1239311850 2379
1239313817 2379
1239315402 2379
1239915479 2379
1239992537 2379
1239993468 2686
1239993688 2686
1240274845 2686
1240354094 2686
1240354159 2686
1240412387 2686
1240421038 2703
1240462691 2776
1240463147 2776
1240608582 2789
1240613217 2789
1240627949 2789
1240804840 2789
1240971612 2791
1241028353 2791
1241049642 2791
1241062427 2791
1241105186 2791
1241105302 2791
1241113437 2791
1241219066 2824
1241224299 2824
1241561287 2828
1241561370 2828
1241561774 2828
1241562607 2828
1241565516 2828
1241579499 2828
1241580259 2828
1241580782 2828
1241581070 2828
1241581393 2828
1241584158 2828
1241584219 2828
1241585172 2831
1241672952 2831
1241727936 2833
1241728341 3374
1241728616 3374
1241728783 3374
1241731780 3374
1241731918 3374
1241733022 3374
1241733054 3357
1241737618 3410
1241737877 3410
1241810052 3410
1241810238 3410
1241810394 3427
1241816521 2824
1241824619 2828
1241825345 2828
1242074974 3427
1242169669 2828
1242195326 3427
1242253863 2828
1242315759 2828
1242318623 3427
1242326563 3427
1242330245 2828
1242333977 3427
1242335021 2828
1242335158 3639
1242397025 2828
1242414519 3427
1242666092 3639
1242689639 3639
1242695579 2828
1242752861 2828
1242768489 3639
1242938956 3639
1242951680 3632
1242955634 3632
1242962630 3632
1242963008 3632
1242964277 3632
1243016319 3632
1243016359 3632
1243028848 3632
1243028882 3632
1243029042 3632
1243372866 3639
1243390138 3639
1243487429 3632
1243541374 3632
1243541851 3632
1243554811 3632
1243560746 3640
1243560875 3640
1243617526 3640
1243910778 3640
1243912781 3642
1243998206 3642
1244060703 3642
1244061424 3642
1244090794 3666
1244091151 3666
1244180747 3666
1244180822 3666
1244182030 3666
1244182502 3666
1244190955 3666
1244191013 3666
1244191032 3666
1244507909 3666
1244598369 3666
1245711023 3595
1245886475 3595
1245975783 3595
1250307981 3595
1250308000 3595
1251100327 3595
1251158828 3595
1251247564 3595
1251399709 3595
1251419682 3595
1251511894 3595
1251592876 3656
1252017170 3656
1252045983 3656
1252216461 3659
1252252297 3659
1252457397 7267
1252459901 7267
1253156950 7361
1253157133 7361
1253157316 7361
1253157463 7363
1253157563 7363
1253157941 7363
1254116345 3928
1254173746 3929
1254778634 3929
1254959337 3929
1255017628 3929
1255051620 3929
1255051815 3929
1255845439 3954
1255845483 3954
1255846189 3954
1256162690 3954
1256162942 3954
1256245403 4069
1256245983 4069
1256333202 4069
1256334682 4069
1256578288 4108
1256578541 4069
1256663617 4131
1256679592 4602
1256689614 4601
1256937228 7363
1257371116 4601
1257458261 4601
1257551459 7371
1257622910 4749
1257634082 4601
1257634203 4601
1257649202 4601
1257787263 4611
1257987168 4611
1257987277 4624
1257993664 4723
1258138979 4723
1258155205 4724
1258182740 7363
1258505418 4724
1258542810 7371
1259106936 4724
1259110294 4724
1259112299 4724
1259625524 4729
1259787718 4729
1259787939 4734
1259809844 8474
1259887308 4734
1260302807 4907
1260303067 4907
1260337963 4896
1260406808 4896
1261015787 4896
1261023614 4907
1261598648 4791
1261609841 4791
1262137564 4834
1262723982 4834
1262738499 4834
1263511781 4834
1263578950 4889
1263898034 4889
1263900591 4889
1263906049 4897
1264023521 4897
1264827658 4892
1264830859 4892
1265158139 4964
1265158181 4964
1265241494 4964
1265241521 4964
1265405209 4964
1265405235 4964
1265406071 4996
1265408136 5242
1265591036 4998
1265593926 4998
1266395564 4998
1266395584 4998
1266442007 5242
1266455884 4998
1266471739 4998
1266472196 4960
1266472642 4960
1266475342 4960
1266476594 4960
1266948841 4960
1266954992 4960
1266955768 4960
1267048047 4960
1267050313 4960
1267050427 4957
1267050907 4517
1267051170 4517
1267075409 4503
1267121368 4457
1267125158 4457
1267125287 4457
1267147628 4459
1267204087 4459
1267204750 4476
1267221068 4472
1267391780 4731
1267527638 4731
1267527740 4731
1267609804 4737
1267612724 4737
1267612790 4737
1267819015 4666
1268109639 4666
1269850057 4907
1270281547 4909
1270693673 4979
1271240037 4979
1272048355 4979
1272049434 4979
1272051484 4979
1272055811 4979
1272221497 4979
1272579768 4979
1272665600 4979
1272924769 4977
1272927258 4975
1272980792 4975
1272994454 4975
1272994480 4997
1272994523 4997
1273002985 4997
1273013648 4997
1273013711 4997
1273017432 4983
1273023280 4983
1273024033 5065
1273027956 5242
1273094275 5242
1273098280 5248
1273113388 5248
1273180307 7375
1273180509 7371
1273597188 5248
1273597357 5248
1273694884 5248
1273707040 5410
1273770292 5497
1273772591 5410
1273813536 5410
1273814597 5410
1273814619 5410
1273814685 5410
1273853644 5410
1273853660 5410
1274107608 5410
1274107668 5410
1274136063 5476
1274137376 5476
1274309396 5540
1274309431 5540
1274309458 5497
1274309474 5497
1274372866 5497
1275527434 5713
1275543618 5744
1275544564 5744
1275879048 5750
1275919404 8424
1275951906 5750
1275952097 5750
1275979958 5750
1275979981 5750
1276040462 5750
1276202442 5799
1276212962 5799
1276279898 5799
1276280317 5799
1276281697 5799
1276342769 5799
1276357603 5818
1276358248 5818
1276457319 5818
1277134934 5818
1277576995 5975
1277596654 6066
1277596687 6066
1278041279 6404
1278041685 6404
1278041813 6404
1278110560 6448
1278435445 6476
1278447592 6476
1278447612 6476
1278488168 6575
1278489159 6580
1278528466 6582
1278702528 6579
1278816337 6600
1278816585 6677
1278816820 6678
1278817027 6678
1278817096 6679
1278817117 6679
1278817896 6679
1278817950 6708
1278817973 6710
1278818005 6711
1278818057 6714
1278818241 6717
1278818269 6802
1278818270 6811
1278818312 6825
1278818366 6837
1278818367 6866
1278818466 6887
1278818518 6968
1278820497 7009
1278820503 7051
1278830157 7048
1278835456 7048
1278835887 7054
1278835913 7054
1278836192 7054
1278836519 7066
1279211052 7106
1279598661 7133
1280254128 7133
1280952226 7193
1280970926 7193
1281018048 8380
1281320249 7375
1281630725 7193
1281630824 7193
1281631041 7193
1281631050 7193
1281631088 7193
1281637403 7193
1282162417 7193
1282176914 7195
1282231652 7200
1282233682 7205
1282233723 7205
1282237468 7206
1282595187 7229
1282693496 7363
1282694457 7368
1282758233 7371
1282758851 7371
1282758912 7371
1282765630 7371
1282766024 7375
1282851506 8470
1282855203 7366
1282855303 7671
1282855387 8380
1282866896 8474
1282867456 8471
1282867951 8474
1282875317 8474
1282882603 8474
1282882677 8474
1282884097 8474
1283202414 8571
1283437835 8570
1283837578 8474
1283838822 8554
1283839050 8557
1283839168 8557
1283839705 8564
1283839889 8570
1283894085 8570
1284006481 8744
1284045908 8570
1284046094 8570
1284313268 8570
1284911937 8570
1286254586 8571
1286260728 8571
1286370139 8713
1286370203 8571
1286379058 8713
1286473227 8655
1286473686 8655
1286675880 8571
1286769538 8571
1286912822 8571
1286913117 8571
1287441800 8571
1287766647 8620
1287772070 8638
1287786747 8638
1287959050 8655
1287959814 8655
1287963039 8713
1287968863 8694
1287978481 8713
1287984247 8744
1287985409 8744
1287985644 8744
1287986155 8744
1287986244 8744
1287986407 8744
1287986452 8744
1287987558 8744
1287987684 8760
1288064971 9106
1288161442 8760
1288162588 8943
1288313285 9106
1288314820 9106
1288314990 9106
1288315093 9106
1288315145 9106
1288395028 9106
1288637872 9106
1288854516 9208
1288984933 9255
1288985037 9255
1289483195 9355
1289483687 9355
1289484981 9381
1289574768 9381
1289767446 9381
1289797196 9381
1289879501 9381
1290110275 9387
1290479517 9460
1290663791 9460
1291062617 9460
1291062652 9460
1291254410 9460
1291254534 9460
1291684853 9561
1291773847 9561
1291915403 9561
1292002265 9561
1292002318 9561
1292002469 9561
1292003394 9813
1292223109 9561
1292453039 9989
1292517461 9989
1292537950 9989
1292602193 9562
1292616918 9562
1292633648 9562
1292687479 9953
1292943020 9953
1292955301 9813
1292955360 9814
1292955405 9814
1292955634 9822
1292966837 9822
1293226758 9823
1293594656 9823
1293595168 9823
1293640760 9857
1293646447 9930
1293653525 9953
1293653618 9953
1293663074 9953
1293663126 9953
1293677939 9953
1293677994 9953
1293678133 9953
1293680824 9953
1293680864 9953
1293696688 9953
1294074483 9953
1294074559 9953
1294109684 10107
1294112294 10179
1294113215 10182
1294693976 21464
1294958383 10182
1294958467 10182
1295042603 10186
1295060860 10186
1295156798 10355
1295303333 10714
1295329708 10435
1295331469 20202
1295797375 10435
1295845472 10843
1295883048 10843
1295884188 10843
1295885181 10843
1295885304 10844
1295990910 11565
1296229261 10866
1296343835 10866
1296346048 10669
1296348095 10693
1296506909 10697
1296508934 10704
1296840334 10714
1296844144 11565
1296916338 10714
1297099957 10725
1297181382 11146
1297415585 11126
1297457054 10725
1297774346 11146
1297799354 11146
1297876743 11565
1297876823 11157
1297915202 11113
1297915381 11126
1297916959 11126
1297917316 11139
1297918896 19133
1297919687 11139
1297955144 11139
1297955982 11145
1297978737 11145
1297981543 21464
1297998598 11145
1297998710 11145
1298008694 11558
1298008734 11558
1298318762 11558
1299695275 11558
1299698964 11592
1299766730 11599
1300211219 11599
1300221941 11600
1300306949 18793
1300384062 11787
1300485259 11787
1300920396 20345
1300981680 18793
1300999530 19068
1301076535 19084
1301078407 19094
1301094420 19132
1301095510 19131
1301102817 19186
1301123073 19133
1301353570 19186
1301703063 19186
1301943746 19170
1301965894 19244
1301970073 19219
1302231282 20413
1302446773 19746
1302446856 19746
1302446910 19747
1302504779 19748
1302813564 19758
1302833796 19758
1302834489 20413
1302851377 20413
1303168674 20471
1303239295 19843
1303249356 20477
1303250960 20026
1303265041 20019
1303279641 20471
1303319888 20019
1303319904 20050
1303332323 20050
1303332393 20055
1303332679 20055
1303334661 20055
1303335097 20055
1303336144 20019
1303340212 20055
1303398609 20039
1303436677 20054
1303440815 20209
1303443380 20211
1303448705 20202
1303449716 20202
1303454295 20180
1303457692 20477
1303460916 20301
1303476726 20173
1303489206 20188
1303493833 19777
1303504069 20086
1303504362 20086
1303506519 20089
1303512001 20090
1303527296 20151
1303528134 20152
1303528375 20239
1303528670 20239
1303531520 20253
1303531682 20253
1303566702 20253
1303664552 20285
1303737125 20285
1303741615 20285
1303762553 20294
1303955625 20477
1304099043 20301
1304389482 20301
1304396794 20301
1304437867 20301
1304437888 20301
1304449961 20301
1304450407 20301
1304450603 20301
1304450624 20301
1304450744 20301
1304451544 20301
1304452742 20301
1304455995 20301
1304459854 20301
1304459983 20301
1304467439 20304
1304474105 20305
1304474891 20308
1304475088 20307
1304475191 20307
1304475391 20308
1304523460 20336
1304534595 20336
1304534979 20336
1304766704 20336
1304766721 20333
1304959424 20333
1304959441 20333
1304959797 20333
1304959821 20333
1304960452 20333
1304960489 20333
1304960514 20333
1304961219 20333
1304968310 20333
1304968349 20333
1304968369 20333
1304968998 20333
1304969519 20333
1304969767 20333
1304971708 20333
1304971785 20333
1304971909 20333
1304972012 20333
1304972448 20333
1304972641 20333
1304975830 20334
1304976070 20334
1305052147 20334
1305052169 20334
1305052203 20334
1305052211 20334
1305180647 20337
1305427715 21464
1305584364 20337
1305738195 20490
1305844914 20422
1305850585 20349
1305853127 20349
1305862938 20349
1305920691 20435
1305921219 20422
1305951727 20479
1305952182 20490
1305953960 20854
1305961530 20854
1306032906 20847
1306032955 20481
1306032985 20489
1306033011 20977
1306033137 20977
1306034507 20864
1306036415 20865
1306036438 20976
1306037879 20976
1306189749 21515
1306190027 21515
1306305372 20864
1306455315 21415
1306559521 20210
1306605529 20400
1306608198 20395
1306819178 20978
1306820906 20978
1306822342 20978
1306854839 20978
1306855603 20978
1306869890 20978
1306871472 20978
1306934763 20978
1306944947 20978
1306944977 20978
1306954348 20978
1306963421 20994
1306964196 20994
1306981417 21000
1307043464 21058
1307046886 21007
1307048811 21011
1307049718 21011
1307049792 21011
1307050001 21021
1307159422 21068
1307159845 21096
1307160057 21124
1307417948 21433
1307484963 21464
1307488812 21479
1307495894 21497
1307496074 21497
1307496627 21515
1307568346 21522
1307937588 21534
1307973074 21534
1308071118 21534
1308071661 21545
1308506359 21545
1315342848 21582
1320704306 21582
1321658325 21582
1329245517 21587
1329246184 21587
1329247047 21587
1330459961 21813
1331205485 21813
1331206930 21813
1350502232 21813
1350502490 21874
